0000001 010
0000010 010
0000100 010
0000111 010
0001000 010
0001011 010
0001101 010
0001110 010
0010000 010
0010011 010
0010101 010
0010110 010
0011001 010
0011010 010
0011100 010
0011111 010
0100000 010
0100011 010
0100101 010
0100110 010
0101001 010
0101010 010
0101100 010
0101111 010
0110001 010
0110010 010
0110100 010
0110111 010
0111000 010
0111011 010
0111101 010
0111110 010
1000000 010
1000011 010
1000101 010
1000110 010
1001001 010
1001010 010
1001100 010
1001111 010
1010001 010
1010010 010
1010100 010
1010111 010
1011000 010
1011011 010
1011101 010
1011110 010
1100001 010
1100010 010
1100100 010
1100111 010
1101000 010
1101011 010
1101101 010
1101110 010
1110000 010
1110011 010
1110101 010
1110110 010
1111001 010
1111010 010
1111100 010
1111111 010